0,   0,   0,   0,   1,   0,   0,   0,   0,  22,  88, 188, 172, 132, 125, 141, 199, 143, 9,   0,   0,   0,   1,   0,   0,   0,   0,   0,
0,   0,   0,   1,   0,   0,  20, 131, 199, 206, 196, 202, 242, 255, 255, 250, 222, 197, 206, 188, 126,  17,   0,   0,   0,   0,   0,   0,
0,   0,   0,   1,   0,  35, 214, 191, 183, 178, 175, 168, 150, 162, 159, 152, 158, 179, 183, 189, 195, 185,  82,   0,   0,   0,   0,   0,
0,   0,   0,   0,   0, 170, 190, 172, 177, 176, 171, 169, 162, 155, 148, 154, 169, 174, 175, 175, 177, 183, 188,  12,   0,   0,   0,   0,
0,   0,   0,   0,  25, 194, 180, 178, 174, 184, 187, 189, 187, 184, 181, 189, 200, 197, 193, 190, 178, 175, 194,  90,   0,   0,   0,   0,
0,   0,   0,   0,  42, 218, 191, 197, 208, 204, 211, 209, 210, 212, 211, 214, 215, 213, 214, 211, 211, 191, 200, 158,   0,   0,   0,   0,
0,   0,   0,   0,  88, 221, 215, 217, 219, 211, 185, 150, 118, 107,  99,  88,  83,  90, 135, 212, 203, 207, 219, 169,   0,   0,   0,   0,
0,   0,   0,   0,   0,  27, 118, 162,  40,   0,   0,   0,  10,  19,  28,  39,  47,  36, 0,   0, 203, 230, 220, 203,   0,   0,   0,   0,
0,   0,   0,   0, 138, 136,  71,  69,  54, 216, 217, 203, 184, 168, 163, 162, 163, 178, 221, 186,  38,  26,   7,   0,   0,   0,   0,   0,
0,   0,   0,   0,  67, 134, 154, 224, 129,  66,  81, 117, 129, 128, 132, 137, 131, 129, 86,  73, 157, 151, 134, 216,  18,   0,   0,   0,
0,   0,   0,   0, 203, 198, 172, 183, 206, 255, 255, 250, 243, 240, 239, 235, 238, 244, 255, 238, 184, 160,  86,  98,   0,   0,   0,   0,
0,   0,   0,   0, 122, 188, 224, 151, 105, 127,  97, 100, 105, 114, 117, 117, 113, 103, 98, 111, 142, 254, 191, 255,  49,   0,   0,   0,
0,   0,   0,   0, 163, 179, 200,  95, 154, 198, 197, 200, 200, 198, 197, 198, 199, 202, 200, 176,  86, 206, 157, 162,  10,   0,   0,   0,
0,   0,   0,   0, 197, 201, 229,  71, 144, 194, 181, 183, 179, 182, 180, 179, 180, 190, 185, 197,  76, 219, 185, 201,  34,   0,   0,   0,
0,   0,   0,   0, 199, 193, 226,  58, 154, 192, 184, 187, 184, 186, 184, 185, 183, 192, 191, 200,  56, 219, 203, 207,  60,   0,   0,   0,
0,   0,   0,   0, 201, 194, 224,  41, 163, 190, 186, 186, 184, 185, 183, 185, 178, 190, 194, 202,  33, 211, 200, 206,  73,   0,   0,   0,
0,   0,   0,   0, 201, 197, 222,  17, 172, 190, 186, 187, 182, 186, 185, 187, 180, 187, 193, 202,  26, 212, 202, 203,  76,   0,   0,   0,
0,   0,   0,   0, 200, 197, 223,   0, 177, 189, 184, 185, 178, 184, 183, 184, 180, 183, 189, 203,  35, 196, 203, 203,  84,   0,   0,   0,
0,   0,   0,   0, 200, 197, 223,   0, 185, 187, 185, 187, 180, 184, 182, 183, 178, 182, 183, 205,  44, 159, 207, 201,  85,   0,   0,   0,
0,   0,   0,   0, 187, 198, 225,   0, 194, 188, 184, 185, 180, 183, 183, 184, 181, 181, 177, 206,  46, 129, 211, 200,  88,   0,   0,   0,
0,   0,   0,   6, 186, 200, 211,   0, 199, 189, 184, 184, 185, 182, 183, 184, 185, 182, 175, 205,  50,  97, 216, 197,  93,   0,   0,   0,
0,   0,   0,   5, 185, 204, 184,   0, 202, 188, 182, 182, 183, 183, 184, 182, 180, 182, 174, 202,  63,  59, 220, 196,  94,   0,   0,   0,
0,   0,   0,   5, 184, 206, 157,   0, 204, 187, 187, 189, 192, 190, 190, 191, 190, 187, 183, 202,  78,  35, 222, 197,  95,   0,   0,   0,
0,   0,   0,   5, 183, 208, 127,   0, 197, 166, 153, 149, 149, 146, 148, 149, 150, 151, 158, 191,  90,   8, 223, 195,  99,   0,   0,   0,
0,   0,   0,   6, 184, 208, 114,   0, 204, 173, 161, 180, 176, 172, 173, 173, 174, 176, 162, 202, 115,   0, 229, 199, 105,   0,   0,   0,
0,   0,   0,   9, 178, 204, 115,   0, 121, 135, 114, 117, 114, 114, 117, 118, 119, 117, 113, 147,  63,   0, 225, 196, 107,   0,   0,   0,
0,   0,   0,  18, 180, 206, 131,   0,   0,   0,   0,   0,   0,   0,   0,   0,   0,   0, 0,   0,   0,   0, 224, 197, 123,   0,   0,   0,
0,   0,   0,   0, 141, 151,  76,   0,   1,   1,   0,   0,   0,   0,   0,   0,   0,   0, 0,   0,   0,   0, 133, 167,  73,   0,   0,   0
